49.000000
39.000000
32.333333
27.571429
24.000000
21.222222
19.000000
17.181818
15.666667
15.000000
14.384615
13.285714
12.333333
12.000000
11.500000
10.764706
10.111111
10.000000
9.526316
9.000000
8.523810
8.090909
8.000000
7.695652
7.333333
7.000000
6.692308
6.407407
6.142857
6.000000
5.896552
5.666667
5.451613
5.250000
5.060606
5.000000
4.882353
4.714286
4.555556
4.405405
4.263158
4.128205
4.000000
3.878049
3.761905
3.651163
3.545455
3.444444
3.347826
3.255319
3.166667
3.081633
3.000000
2.921569
2.846154
2.773585
2.703704
2.636364
2.571429
2.508772
2.500000
2.448276
2.389831
2.333333
2.278689
2.225806
2.174603
2.125000
2.076923
2.030303
2.000000
1.985075
1.941176
1.898551
1.857143
1.816901
1.777778
1.739726
1.702703
1.666667
1.631579
1.597403
1.564103
1.531646
1.500000
1.469136
1.439024
1.409639
1.380952
1.352941
1.325581
1.298851
1.272727
1.247191
1.222222
1.197802
1.173913
1.150538
1.127660
1.105263
1.083333
1.061856
1.040816
1.020202
1.000000
0.980198
0.960784
0.941748
0.923077
0.904762
0.886792
0.869159
0.851852
0.834862
0.818182
0.801802
0.785714
0.769912
0.754386
0.750000
0.739130
0.724138
0.709402
0.694915
0.680672
0.666667
0.652893
0.639344
0.626016
0.612903
0.600000
0.587302
0.574803
0.562500
0.550388
0.538462
0.526718
0.515152
0.503759
0.500000
0.492537
0.481481
0.470588
0.459854
0.449275
0.438849
0.428571
0.418440
0.408451
0.398601
0.388889
0.379310
0.369863
0.360544
0.351351
0.342282
0.333333
0.324503
0.315789
0.307190
0.298701
0.290323
0.282051
0.273885
0.265823
0.257862
0.250000
0.242236
0.234568
0.226994
0.219512
0.212121
0.204819
0.197605
0.190476
0.183432
0.176471
0.169591
0.162791
0.156069
0.149425
0.142857
0.136364
0.129944
0.123596
0.117318
0.111111
0.104972
0.098901
0.092896
0.086957
0.081081
0.075269
0.069519
0.063830
0.058201
0.052632
0.047120
0.041667
0.036269
0.030928
0.025641
0.020408
0.015228
0.010101
0.005025
0.000000
